  Value    Count   Percent
      1    15550     46.12%
      2    18167     53.88%

C =

    8.7352    8.0246    6.6322
    8.2102    6.3877    3.1084


ans =

    0.5182

  Value    Count   Percent
      1    10246     30.39%
      2     9029     26.78%
      3    14442     42.83%

C =

    7.6154    5.2467    3.1673
    8.8993    8.0323    3.1979
    8.7667    7.9314    6.8047


ans =

    0.4001

  Value    Count   Percent
      1     9961     29.54%
      2     7764     23.03%
      3    11251     33.37%
      4     4741     14.06%

C =

    8.2556    5.6689    4.8634
    8.0326    6.0170    2.0054
    8.7326    8.5340    4.9452
    8.8880    8.7804    8.4261


ans =

    0.4291

  Value    Count   Percent
      1     6659     19.75%
      2     9936     29.47%
      3     5353     15.88%
      4     7300     21.65%
      5     4469     13.25%

C =

    9.5435    7.6375    3.0500
    8.7212    7.4789    6.0642
    7.3241    7.4384    2.7656
    7.6453    4.9101    3.6249
    8.8982    8.9501    8.4516


ans =

    0.3880

  Value    Count   Percent
      1     4430     13.14%
      2     4466     13.25%
      3     6892     20.44%
      4     6136     18.20%
      5     7162     21.24%
      6     4631     13.73%

C =

    8.9244    7.6664    2.0000
    8.8979    8.9534    8.4505
    8.7867    8.6799    5.7348
    7.0711    4.8856    2.7145
    8.7240    7.0285    4.0000
    8.4835    5.7746    6.0834


ans =

    0.4691

  Value    Count   Percent
      1     7722     22.90%
      2     1153      3.42%
      3    10233     30.35%
      4     2861      8.49%
      5     3138      9.31%
      6     4268     12.66%
      7     4342     12.88%

C =

    8.6822    5.7185    3.2668
    4.8716    6.5499    4.6262
    8.8913    8.6981    7.0490
    6.7309    4.2740    2.3062
    9.4210    8.6915    3.8311
    8.6057    5.8388    6.1926
    8.2432    8.2193    2.7310


ans =

    0.4155

  Value    Count   Percent
      1     2596      7.70%
      2     1917      5.69%
      3     3861     11.45%
      4     4363     12.94%
      5     6683     19.82%
      6     3729     11.06%
      7     3922     11.63%
      8     6646     19.71%

C =

    6.1772    6.8629    3.4969
    6.4533    3.4804    2.9463
    8.8938    5.7954    4.0000
    8.5256    5.8625    6.1701
    9.5281    8.7697    7.1136
    7.5964    8.5353    6.9236
    8.5166    5.5395    2.0000
    8.9737    8.4598    3.2061


ans =

    0.3618

  Value    Count   Percent
      1     4717     13.99%
      2     4115     12.20%
      3     5834     17.30%
      4     4503     13.36%
      5      845      2.51%
      6     1557      4.62%
      7     1486      4.41%
      8     4844     14.37%
      9     5816     17.25%

C =

    7.5493    5.7905    4.8764
    8.3985    5.5611    2.0000
    8.7273    8.0000    3.2204
    9.4342    5.7513    4.9274
    4.3976    6.7456    3.6994
    8.9338   10.0000    3.1561
    6.3546    3.3499    2.6205
    8.0456    8.1247    6.5066
    9.5217    9.0193    7.5550


ans =

    0.4384

  Value    Count   Percent
      1     3883     11.52%
      2     4371     12.96%
      3     1754      5.20%
      4     4706     13.96%
      5     4878     14.47%
      6     3394     10.07%
      7     2827      8.38%
      8     5296     15.71%
      9     1072      3.18%
     10     1536      4.56%

C =

    9.5249    8.6098    3.3680
    8.5202    5.8417    6.1560
    5.1477    4.8655    3.2223
    8.3761    6.6919    2.0000
    8.5551    5.7204    4.0000
    9.3117    8.7967    8.3300
    7.2190    8.3601    4.3488
    9.0519    8.4970    6.0000
    7.5877    9.4496    8.8321
    8.1354    3.4583    2.1016


ans =

    0.4102

  Value    Count   Percent
      1     3985     11.82%
      2     2964      8.79%
      3     1381      4.10%
      4     3858     11.44%
      5     1458      4.32%
      6     2960      8.78%
      7     4554     13.51%
      8     2243      6.65%
      9     6080     18.03%
     10     3078      9.13%
     11     1156      3.43%

C =

    7.7240    6.0512    5.7220
    9.6235    8.1788    3.3853
    4.7806    5.0949    2.8950
    7.8333    8.2571    2.8948
    8.1289    3.5364    2.0000
    9.2639    9.4392    8.6757
    9.1100    5.9170    4.4058
    9.0789   10.0000    5.2688
    8.6650    7.9480    6.5474
    8.4464    6.0000    2.0000
    7.8330    3.7336    4.4602


ans =

    0.4164

  Value    Count   Percent
      1     4077     12.09%
      2     2728      8.09%
      3     6711     19.90%
      4     3190      9.46%
      5     3559     10.56%
      6     3607     10.70%
      7     2927      8.68%
      8     2801      8.31%
      9      535      1.59%
     10     1277      3.79%
     11      765      2.27%
     12     1540      4.57%

C =

    9.6995    6.3669    4.4533
    9.4549    6.9699    2.0000
    8.7863    7.9976    6.6652
    7.5743    5.4803    4.0000
    7.9151    5.9461    6.1781
    9.1123    9.9301    7.8082
    7.4739    6.7291    2.0000
    8.0960    8.0393    4.0186
    7.6766    2.0000    2.7178
    7.9099    4.0000    2.0000
    3.8105    5.1373    3.1137
    8.9662   10.0000    3.1468


ans =

    0.4374

  Value    Count   Percent
      1     2987      8.86%
      2     4726     14.02%
      3     5818     17.26%
      4     1540      4.57%
      5     4878     14.47%
      6     2093      6.21%
      7     3560     10.56%
      8     1020      3.03%
      9      903      2.68%
     10      604      1.79%
     11     1486      4.41%
     12     2818      8.36%
     13     1284      3.81%

C =

    9.5564    9.0418    8.5022
    8.7804    6.9623    2.0000
    8.8678    8.4813    6.0000
    8.9662   10.0000    3.1468
    8.5551    5.7204    4.0000
    7.5117    5.8968    6.1300
    8.7177    8.0000    4.0000
   10.0000    5.8314    6.1804
    5.2846    7.1650    4.2990
    3.8725    4.2417    2.5265
    7.5808    8.7900    8.3244
    7.4560    4.2803    2.2725
    8.9322    5.7181    6.1760


ans =

    0.4725

  Value    Count   Percent
      1     2283      6.77%
      2     2335      6.93%
      3     4118     12.21%
      4      277      0.82%
      5     2093      6.21%
      6     4379     12.99%
      7     1405      4.17%
      8     1768      5.24%
      9     4010     11.89%
     10     3253      9.65%
     11     1171      3.47%
     12     1767      5.24%
     13     4348     12.90%
     14      510      1.51%

C =

    9.4017    5.8835    6.2505
    7.2411    6.3135    2.0000
    9.4315    6.9971    4.0000
    2.6534    4.1155    2.6065
    8.0363    8.3459    8.1691
    7.5163    5.9361    4.9249
    9.4235    6.0000    2.0000
    8.7342    3.6595    2.9163
    7.6913    8.3511    5.1002
    9.0821    8.7747    2.3707
    6.3723    3.6003    2.7071
    9.4890    9.9445    8.9406
    9.5775    8.4637    6.2962
    4.6412    7.2902    4.5647


ans =

    0.4231

  Value    Count   Percent
      1     1969      5.84%
      2     2831      8.40%
      3     2448      7.26%
      4      692      2.05%
      5     1754      5.20%
      6     2621      7.77%
      7     2020      5.99%
      8     1905      5.65%
      9     1968      5.84%
     10     1140      3.38%
     11     2639      7.83%
     12     1219      3.62%
     13     4100     12.16%
     14     3538     10.49%
     15     2873      8.52%

C =

   10.0000    7.9299    6.7242
    8.8951    5.7323    2.0000
    9.2496    8.8235    6.0000
    3.8338    4.8699    2.9191
    7.8991    8.5359    5.9282
    7.2301    7.2995    4.0000
    7.3787    3.4941    2.7475
    7.1501    7.1622    2.0000
    9.3237    8.6555    2.0000
    6.3026    7.5982    6.6088
    8.4642    6.0000    4.0000
    9.8212    5.3618    4.0164
    8.5941    5.8576    6.1083
    8.9022    9.1871    8.5613
    9.3676    8.5708    4.0000


ans =

    0.4952

  Value    Count   Percent
      1     4445     13.18%
      2     1320      3.91%
      3     4883     14.48%
      4     2921      8.66%
      5     4653     13.80%
      6      365      1.08%
      7      893      2.65%
      8     1458      4.32%
      9     2027      6.01%
     10      462      1.37%
     11     3479     10.32%
     12     1079      3.20%
     13      442      1.31%
     14     2480      7.36%
     15     2528      7.50%
     16      282      0.84%

C =

    8.8929    6.8967    2.0000
    8.1379    3.7939    4.3848
    9.5706    7.6371    6.5329
    8.0736    6.0000    6.0000
    8.9675    8.6568    3.7228
    8.6110    5.6493    8.2630
    9.3684    9.7514   10.0000
    8.1289    3.5364    2.0000
    6.6241    7.0311    3.5925
    3.7792    3.7229    2.4848
    8.8350    6.0000    4.0000
    6.4847    5.7090    2.0000
    6.5520    8.8733    8.2443
    7.7274    8.0677    6.4815
    9.2116   10.0000    6.9589
    3.7553    6.8227    5.3121


ans =

    0.5322

  Value    Count   Percent
      1     2263      6.71%
      2     2972      8.81%
      3     1546      4.59%
      4      783      2.32%
      5     4562     13.53%
      6     3296      9.78%
      7      549      1.63%
      8     2507      7.44%
      9     2057      6.10%
     10     1200      3.56%
     11     3994     11.85%
     12     1673      4.96%
     13     2929      8.69%
     14      365      1.08%
     15     2053      6.09%
     16      493      1.46%
     17      475      1.41%

C =

    7.5943    5.7075    6.1520
    7.4697    5.5888    4.0000
    7.7206    3.4515    2.1113
    8.4457   10.0000    8.0000
    8.5561    8.6138    6.0000
    9.6836    6.7367    6.0443
    5.3479    6.4882    2.3789
    9.4392    8.9446    2.4811
    9.0277    7.8775    8.0651
    9.8358    9.9183    9.1533
    9.4359    5.7376    3.2188
    7.6258    6.0000    2.0000
    7.6241    8.2574    3.2960
    4.6849    7.7041    5.7589
    9.4564    8.0000    4.0000
    7.0811    8.8925    9.0101
    3.6589    3.7558    2.6442


ans =

    0.4962

  Value    Count   Percent
      1     1758      5.21%
      2     3560     10.56%
      3     1191      3.53%
      4     3997     11.85%
      5     4614     13.68%
      6     2811      8.34%
      7     2483      7.36%
      8     1258      3.73%
      9      294      0.87%
     10     2309      6.85%
     11      223      0.66%
     12     1035      3.07%
     13     2199      6.52%
     14     1033      3.06%
     15     2161      6.41%
     16      204      0.61%
     17      429      1.27%
     18     2158      6.40%

C =

    9.5182    8.4949    2.0000
    8.7177    8.0000    4.0000
    9.0000    5.9144    6.1965
    9.4754    8.0000    6.6510
    7.8845    6.0000    2.9237
    9.5642    5.8926    3.5767
    7.7576    8.0000    6.6130
    7.5715    8.3529    2.0000
    3.1531    3.4218    2.4082
    8.0935    3.6007    2.7692
    5.1525    8.3677    3.5785
   10.0000    5.8338    6.2357
    9.1346   10.0000    5.1969
    5.6389    5.2159    2.8984
    7.5414    5.8565    6.1592
    3.6373    6.2157    5.5392
    6.1399    9.1282    7.0583
    9.2108    9.8851    8.8767


ans =

    0.5014

  Value    Count   Percent
      1     3479     10.32%
      2      782      2.32%
      3     4064     12.05%
      4     2621      7.77%
      5     3383     10.03%
      6     1316      3.90%
      7     2082      6.17%
      8     1382      4.10%
      9     1479      4.39%
     10     1969      5.84%
     11     2696      8.00%
     12      322      0.96%
     13     1898      5.63%
     14     1326      3.93%
     15      397      1.18%
     16      886      2.63%
     17      870      2.58%
     18     1768      5.24%
     19      997      2.96%

C =

    8.8350    6.0000    4.0000
    7.9322   10.0000    9.0179
    8.0672    8.2411    3.4286
    9.8333    8.7921    3.1751
    8.9048    5.8865    6.0769
    9.2302   10.0000    6.0000
    9.2858    6.6503    2.0000
    9.6903   10.0000    8.6454
    9.5267    7.8702    8.1474
    7.3291    6.0000    2.0000
    9.4659    8.0000    6.0000
    2.6894    4.5404    2.9565
    7.6280    8.1043    6.0000
    6.6282    5.5505    4.0000
    5.1713    8.3426    3.6826
    6.5418    5.7630    6.0722
    6.2368    3.4690    2.2023
    8.7342    3.6595    2.9163
    7.6239    7.7492    8.1123


ans =

    0.5383

  Value    Count   Percent
      1     2684      7.96%
      2     1670      4.95%
      3     1579      4.68%
      4      947      2.81%
      5     3078      9.13%
      6     3997     11.85%
      7     1613      4.78%
      8      547      1.62%
      9     1072      3.18%
     10     1583      4.69%
     11     1992      5.91%
     12      363      1.08%
     13     1199      3.56%
     14     1116      3.31%
     15      329      0.98%
     16     2152      6.38%
     17     3479     10.32%
     18     1041      3.09%
     19     2151      6.38%
     20     1125      3.34%

C =

    7.5913    8.0007    6.6237
    7.8257    3.5293    2.0000
    9.6042   10.0000    8.8144
   10.0000   10.0000    5.2904
    8.4464    6.0000    2.0000
    9.4754    8.0000    6.6510
    6.1885    5.6925    3.5375
    8.3729   10.0000    4.0000
    8.0000    8.0000    4.0000
   10.0000    8.0000    3.1838
    8.6591    8.6476    2.0000
    8.1267    8.9091   10.0000
    8.0817   10.0000    6.6405
    9.0000    8.0000    4.0000
    2.6474    4.4316    2.9605
    7.4405    5.9182    6.1366
    8.8350    6.0000    4.0000
    6.4957    8.1057    3.2085
    9.4695    5.9321    6.1776
    8.3422    3.7511    4.2916


ans =

    0.5129

  Value    Count   Percent
      1     1593      4.72%
      2     3078      9.13%
      3     1255      3.72%
      4     3872     11.48%
      5     3002      8.90%
      6      844      2.50%
      7     1993      5.91%
      8     2104      6.24%
      9     1119      3.32%
     10      923      2.74%
     11     3980     11.80%
     12      212      0.63%
     13      689      2.04%
     14      352      1.04%
     15     1077      3.19%
     16      352      1.04%
     17      736      2.18%
     18     2007      5.95%
     19      886      2.63%
     20     1020      3.03%
     21     2623      7.78%

C =

    8.3892   10.0000    7.0094
    8.4464    6.0000    2.0000
    9.3060   10.0000    3.3068
    7.6717    6.0000    4.8993
    9.5919    6.6243    4.0000
    7.4052    3.7630    4.4384
    8.9880    8.0000    2.0000
    8.8384    8.0000    8.0399
   10.0000   10.0000    6.9080
    9.2405    9.8180   10.0000
    8.9930    8.0000    6.0000
    2.0236    4.7830    3.1415
    6.9724    8.9376    2.2671
    8.7045    5.6477    8.2727
    7.3240    3.6676    2.0000
    4.8580    3.1307    2.4886
    5.4484    6.2310    3.0462
    9.4604    5.9223    6.0000
    9.4266    3.6885    2.8984
    6.1441    7.6294    6.0275
    8.2596    8.0000    4.0000


ans =

    0.5394

  Value    Count   Percent
      1     4196     12.44%
      2     3340      9.91%
      3     2218      6.58%
      4     1185      3.51%
      5     1316      3.90%
      6       48      0.14%
      7      857      2.54%
      8     2452      7.27%
      9      122      0.36%
     10     2402      7.12%
     11     1339      3.97%
     12      572      1.70%
     13      660      1.96%
     14      344      1.02%
     15     2638      7.82%
     16      836      2.48%
     17      609      1.81%
     18     3945     11.70%
     19      259      0.77%
     20     2538      7.53%
     21      178      0.53%
     22     1663      4.93%

C =

    8.5214    6.0000    4.0000
    9.5689    8.0000    6.3856
    9.4666    5.8765    6.2011
    6.7654    6.6177    2.0000
    9.2302   10.0000    6.0000
    3.2292    8.7500    7.1667
    5.5251    5.0152    3.1225
    8.8157    6.0000    2.0000
    4.5328    8.5902    3.0656
    8.2639    3.6644    2.8585
    8.0000    5.8850    6.1314
    7.6538   10.0000    8.6853
    6.7212    8.3242    6.0000
    6.8488    7.5872    8.3837
    8.9875    8.4890    2.0000
    6.6304    5.7990    6.0239
    6.8177    8.2627    4.0000
    8.9959    8.4157    4.0000
    4.0927    2.6486    2.1390
    8.2589    8.0000    6.9882
    2.4438    5.5393    3.9663
    9.6031    9.8990    8.8743


ans =

    0.5108

  Value    Count   Percent
      1     3376     10.01%
      2     2065      6.12%
      3      265      0.79%
      4     1606      4.76%
      5     2252      6.68%
      6     2147      6.37%
      7     1528      4.53%
      8     1115      3.31%
      9     2702      8.01%
     10     2724      8.08%
     11     2193      6.50%
     12      480      1.42%
     13     2361      7.00%
     14      910      2.70%
     15     1256      3.73%
     16     1002      2.97%
     17     2058      6.10%
     18     1405      4.17%
     19      138      0.41%
     20       81      0.24%
     21      151      0.45%
     22       36      0.11%
     23     1866      5.53%

C =

    9.4689    8.0000    3.2162
    9.4068    6.0000    4.0000
    4.6264    6.3396    4.6189
    7.4695    3.6837    2.8867
    9.3601   10.0000    6.8313
    7.5417    5.8593    6.1379
    8.9895   10.0000    3.1558
    8.9076   10.0000    9.5049
    7.5403    8.0340    3.2058
    8.5286    8.0000    6.0000
    9.4606    5.8933    6.1760
    5.1750    4.5167    2.2875
    7.5015    6.0000    4.0000
    9.4264    3.6440    2.9802
   10.0000    8.0000    6.0000
    6.6946    8.4251    6.6906
    9.0185    7.9650    8.1555
    9.4235    6.0000    2.0000
    2.2609    4.9130    2.5942
    2.6420    8.0494    5.8519
    5.0397    2.0000    2.1987
    1.0278    2.5000    2.9444
    7.4577    6.0000    2.0000


ans =

    0.4831

  Value    Count   Percent
      1     2831      8.40%
      2     2528      7.50%
      3     1185      3.51%
      4     1443      4.28%
      5     3362      9.97%
      6      906      2.69%
      7     2840      8.42%
      8     3980     11.80%
      9     1993      5.91%
     10     1901      5.64%
     11     1540      4.57%
     12     2202      6.53%
     13     1338      3.97%
     14      249      0.74%
     15      101      0.30%
     16     2361      7.00%
     17      645      1.91%
     18      991      2.94%
     19       57      0.17%
     20      153      0.45%
     21      457      1.36%
     22      442      1.31%
     23       98      0.29%
     24      114      0.34%

C =

    8.8951    5.7323    2.0000
    9.2116   10.0000    6.9589
    6.7654    6.6177    2.0000
    9.0000    5.6979    4.0000
    8.8792    5.8287    6.0244
    9.3046    9.8146   10.0000
    8.2398    8.1528    4.0000
    8.9930    8.0000    6.0000
    8.9880    8.0000    2.0000
    7.4971    3.5876    2.7796
    9.8266    8.7831    4.0000
    9.0045    7.7457    8.0590
    6.7160    6.7354    6.0792
    6.0000    8.8594    3.7189
    4.2277    8.4356    6.6535
    7.5015    6.0000    4.0000
    8.9860   10.0000    2.0000
   10.0000    5.6953    4.0000
    3.1053    8.3158    3.1579
    5.0131    2.0000    2.2222
    6.7199    8.9672    7.7199
    4.7149    5.0995    2.7828
    2.9898    5.2041    5.2041
    1.7281    4.0000    2.2456


ans =

    0.5623

  Value    Count   Percent
      1     2053      6.09%
      2     2316      6.87%
      3     1993      5.91%
      4      645      1.91%
      5     1579      4.68%
      6     3260      9.67%
      7     2551      7.57%
      8     2356      6.99%
      9      238      0.71%
     10      149      0.44%
     11      766      2.27%
     12      345      1.02%
     13     1693      5.02%
     14     1073      3.18%
     15     3686     10.93%
     16     3704     10.99%
     17       46      0.14%
     18      413      1.22%
     19     2146      6.36%
     20      820      2.43%
     21      168      0.50%
     22      120      0.36%
     23      783      2.32%
     24      223      0.66%
     25      591      1.75%

C =

    9.4564    8.0000    4.0000
    6.6218    6.3161    2.8877
    8.9880    8.0000    2.0000
    8.9860   10.0000    2.0000
    9.6042   10.0000    8.8144
    8.8991    5.9117    6.0000
    9.6825    5.7601    2.7770
    8.0000    8.0000    5.0900
    7.6050    9.6471   10.0000
    2.0671    3.4899    2.6711
    6.7663    5.8042    6.0183
    8.7710    5.6754    8.2725
    7.9468    4.0000    2.8600
    6.7866    8.0000    4.9599
    8.3323    6.0000    3.4319
    9.5040    8.5443    6.0000
    2.7174    8.4348    7.2174
    8.3196    2.0000    2.8329
    8.8919    8.0000    8.0783
    9.1451   10.0000    4.0000
    3.3333    6.8929    2.9286
    6.2333   10.0000    3.8333
    7.6999   10.0000    6.9604
    5.0942    7.0493    6.7534
    5.4315    3.5465    2.6464


ans =

    0.5044

  Value    Count   Percent
      1     1435      4.26%
      2     3704     10.99%
      3     1029      3.05%
      4     1685      5.00%
      5      207      0.61%
      6      938      2.78%
      7     2114      6.27%
      8      621      1.84%
      9     2053      6.09%
     10     1225      3.63%
     11     1221      3.62%
     12      779      2.31%
     13     1893      5.61%
     14      271      0.80%
     15     1414      4.19%
     16       58      0.17%
     17      339      1.01%
     18     2030      6.02%
     19     2428      7.20%
     20       60      0.18%
     21      910      2.70%
     22     1088      3.23%
     23     2034      6.03%
     24     1507      4.47%
     25      191      0.57%
     26     2483      7.36%

C =

   10.0000    6.0000    3.1707
    9.5040    8.5443    6.0000
    8.8513   10.0000    3.7162
    8.3608    7.7709    8.1151
    4.3285    6.2899    2.5121
    6.2196    3.5778    2.3561
    7.7531    8.3709    6.0000
    6.4332    8.3639    2.4863
    9.4564    8.0000    4.0000
    9.0000    6.0000    4.0000
    6.5209    6.0000    3.6839
   10.0000    7.7741    8.1694
    7.6661    5.8700    6.0465
    5.5609    5.6753    6.1845
    8.0000    6.0000    4.0000
    1.0690    6.0690    3.3103
    5.9794    8.8968    7.3215
    9.4626    5.8867    6.0276
    9.0993    8.3583    2.0000
    2.8833    7.8333    6.0667
    9.4264    3.6440    2.9802
    7.7886    3.6838    3.1121
    9.2257   10.0000    8.8083
    7.7113    8.0000    4.0000
    2.8848    3.3927    2.5131
    8.0741    6.0000    2.0000


ans =

    0.5106

  Value    Count   Percent
      1     1758      5.21%
      2     1866      5.53%
      3     2131      6.32%
      4       17      0.05%
      5     3994     11.85%
      6     2623      7.78%
      7     3307      9.81%
      8      169      0.50%
      9      937      2.78%
     10     1408      4.18%
     11     2114      6.27%
     12     2089      6.20%
     13      957      2.84%
     14     1609      4.77%
     15      883      2.62%
     16     1281      3.80%
     17     1405      4.17%
     18      300      0.89%
     19      342      1.01%
     20      418      1.24%
     21      233      0.69%
     22     2000      5.93%
     23      320      0.95%
     24      701      2.08%
     25       92      0.27%
     26      727      2.16%
     27       36      0.11%

C =

    9.5182    8.4949    2.0000
    7.4577    6.0000    2.0000
    7.6635    6.0000    4.0000
    4.0588   10.0000    8.9412
    9.4321    6.0000    4.9659
    8.2596    8.0000    4.0000
    9.5646    8.3695    6.0000
    2.1657    3.8580    2.4260
   10.0000    8.0000    4.0000
    8.2045    3.5909    2.0000
    7.7531    8.3709    6.0000
    9.0594    7.8171    8.0287
    8.3584    3.8370    4.0000
    9.1442   10.0000    7.5065
    8.9921   10.0000    4.0000
    7.5254    8.3528    2.0000
    9.4235    6.0000    2.0000
    8.2500    3.5467    6.3867
    6.6813    8.5497    8.0468
    5.4019    3.3732    2.0718
    7.6524    9.6567   10.0000
    7.5580    6.0000    6.1220
    5.5281    8.3562    4.7687
    5.3837    5.4922    3.8545
    2.5109    6.4130    4.6957
    9.6809    9.7689   10.0000
    2.9722    8.3333    6.3889


ans =

    0.5223

  Value    Count   Percent
      1     4102     12.17%
      2     1462      4.34%
      3     1929      5.72%
      4     2216      6.57%
      5      250      0.74%
      6      220      0.65%
      7     2676      7.94%
      8      968      2.87%
      9     1316      3.90%
     10     1821      5.40%
     11      265      0.79%
     12      936      2.78%
     13      585      1.74%
     14     1408      4.18%
     15     2696      8.00%
     16       36      0.11%
     17      602      1.79%
     18      392      1.16%
     19      883      2.62%
     20     2588      7.68%
     21       95      0.28%
     22     3125      9.27%
     23       10      0.03%
     24       25      0.07%
     25      886      2.63%
     26      993      2.95%
     27      727      2.16%
     28      505      1.50%

C =

    7.5780    6.0000    4.8489
    9.4877    7.7798    8.0000
    9.4593    6.0000    6.0000
    9.4472    5.8637    4.0000
    2.3640    4.9840    2.9520
    8.8227    3.3091    5.7364
    7.9245    6.0000    2.0000
    7.6663    7.7727    8.0868
    9.2302   10.0000    6.0000
    7.6969    8.1087    6.0000
   10.0000   10.0000    2.0000
    9.5427   10.0000    8.0000
    7.5726   10.0000    8.6872
    8.2045    3.5909    2.0000
    9.4659    8.0000    6.0000
    8.8611    6.0000   10.0000
    5.1711    3.8671    2.2525
    8.2092   10.0000    2.0000
    8.9921   10.0000    4.0000
    9.2206    7.5402    2.0000
    6.3158    4.1684    6.5474
    8.9568    8.0000    4.0000
    9.3000    2.6000   10.0000
    9.1200    3.1200    8.0000
    7.7528    3.8713    4.0000
    6.6163    8.0806    3.1863
    9.6809    9.7689   10.0000
    5.1525    6.8238    5.6911


ans =

    0.6307