  Value    Count   Percent
      1    19695     77.14%
      2     5836     22.86%

C =

    2.6004    2.1223    2.2175
    5.7752    4.5336    5.1056


ans =

    0.7478

  Value    Count   Percent
      1    19674     77.06%
      2     4951     19.39%
      3      906      3.55%

C =

    2.6010    2.1160    2.2177
    5.4118    4.1870    4.6039
    7.6733    6.5077    7.7748


ans =

    0.7214

  Value    Count   Percent
      1    14458     56.63%
      2     1355      5.31%
      3     7547     29.56%
      4     2171      8.50%

C =

    2.0000    2.0917    2.1090
    5.1956    2.9712    6.3306
    4.6077    2.6715    2.8167
    6.5352    6.3685    6.0534


ans =

    0.6771

  Value    Count   Percent
      1     5287     20.71%
      2    17062     66.83%
      3     2180      8.54%
      4      646      2.53%
      5      356      1.39%

C =

    4.9037    2.8375    3.5828
    2.3102    2.0654    2.0899
    5.4055    5.6147    5.1275
    7.5046    4.3777    7.3529
    8.2697    8.2753    8.2640


ans =

    0.6780

  Value    Count   Percent
      1    14349     56.20%
      2     6838     26.78%
      3      791      3.10%
      4     2450      9.60%
      5      492      1.93%
      6      611      2.39%

C =

    2.0000    2.0591    2.1069
    4.4361    2.5136    2.7590
    3.8837    3.5777    6.4349
    6.5339    4.4735    5.2971
    4.2358    6.5772    2.7276
    7.7283    7.3584    8.1211


ans =

    0.6983

  Value    Count   Percent
      1     5859     22.95%
      2    14208     55.65%
      3     2117      8.29%
      4      284      1.11%
      5      505      1.98%
      6      108      0.42%
      7     2450      9.60%

C =

    4.5090    2.2652    2.5516
    2.0000    2.0398    2.0881
    3.6287    4.2626    4.4828
    5.4859    6.0141    8.0352
    8.2693    6.4673    7.2911
    9.3519    9.1667    9.2778
    6.3910    4.4955    5.0596


ans =

    0.6719

  Value    Count   Percent
      1     5889     23.07%
      2    14208     55.65%
      3      473      1.85%
      4      112      0.44%
      5      487      1.91%
      6      751      2.94%
      7     1512      5.92%
      8     2099      8.22%

C =

    4.5267    2.2741    2.5488
    2.0000    2.0398    2.0881
    7.2558    6.9429    8.0254
    9.4821    8.9643    9.3214
    4.2382    6.5626    2.6940
    7.2197    2.5726    6.0426
    6.0503    5.6720    5.6349
    4.1525    3.7589    4.5650


ans =

    0.7288

  Value    Count   Percent
      1    16571     64.91%
      2     2984     11.69%
      3     2833     11.10%
      4      621      2.43%
      5     1501      5.88%
      6      586      2.30%
      7      304      1.19%
      8       75      0.29%
      9       56      0.22%

C =

    2.3194    2.0000    2.0756
    5.2714    4.8432    4.7044
    5.3067    2.0240    3.5694
    7.6876    4.4283    7.2657
    3.6442    4.4970    2.2239
    3.5734    3.1365    6.2594
    7.3618    8.2039    7.0263
    9.8933    9.3067    9.4933
    7.1786    7.1071   10.0000


ans =

    0.7264

  Value    Count   Percent
      1    14208     55.65%
      2      446      1.75%
      3     3953     15.48%
      4      418      1.64%
      5     1524      5.97%
      6     3374     13.22%
      7     1244      4.87%
      8       54      0.21%
      9      282      1.10%
     10       28      0.11%

C =

    2.0000    2.0398    2.0881
    2.8072    5.2870    3.5785
    4.3663    2.2950    2.0000
    8.2344    7.5263    8.5981
    6.0367    5.0315    6.4711
    4.3385    2.7095    4.4778
    6.6013    4.1977    3.2621
    3.1481    8.0370    3.1852
    7.9716    6.9220    5.1064
    2.8571   10.0000    2.3571


ans =

    0.6813

  Value    Count   Percent
      1    13582     53.20%
      2      496      1.94%
      3      221      0.87%
      4     5082     19.91%
      5      754      2.95%
      6     1819      7.12%
      7     1881      7.37%
      8      216      0.85%
      9      473      1.85%
     10      900      3.53%
     11      107      0.42%

C =

    2.0000    2.0417    2.0000
    4.1290    4.3589    6.5282
    2.8054    6.8778    2.3891
    4.5104    2.0000    2.6360
    6.7719    5.2281    2.9416
    3.8450    4.1275    3.3590
    6.2446    4.2456    5.5173
    5.6389    6.8611    7.8704
    8.2537    6.3044    7.5687
    2.4311    2.0000    4.6311
    9.4206    9.1589    9.2523


ans =

    0.7185

  Value    Count   Percent
      1     5188     20.32%
      2     1021      4.00%
      3    14208     55.65%
      4      846      3.31%
      5     1479      5.79%
      6     1670      6.54%
      7      277      1.08%
      8       76      0.30%
      9      382      1.50%
     10       89      0.35%
     11      237      0.93%
     12       58      0.23%

C =

    4.2791    2.2247    2.4761
    5.9726    6.0921    6.1587
    2.0000    2.0398    2.0881
    5.0426    5.8463    2.8322
    6.1312    3.0575    4.9114
    3.6659    3.7198    4.6455
    8.1227    7.3935    7.6029
    9.2105    7.0000    9.4211
    8.3665    3.3403    3.1361
    4.8539    7.6404    8.2022
    6.7764    3.0211    8.2532
    9.7241   10.0000    9.3793


ans =

    0.7443

  Value    Count   Percent
      1      837      3.28%
      2     2180      8.54%
      3    13582     53.20%
      4      405      1.59%
      5      653      2.56%
      6     3370     13.20%
      7      644      2.52%
      8      293      1.15%
      9      903      3.54%
     10      612      2.40%
     11      449      1.76%
     12     1429      5.60%
     13      174      0.68%

C =

    2.0000    2.3369    4.1673
    4.5670    4.0000    3.2872
    2.0000    2.0417    2.0000
    8.2074    7.6593    8.5679
    6.0000    2.0000    4.8331
    4.4297    2.0000    2.0000
    4.5559    6.2950    3.1335
    8.3140    2.6758    2.9215
    6.1639    6.1218    6.2392
    6.8497    3.5000    6.7124
    3.7327    4.6414    6.3742
    4.0000    2.0000    4.2715
    8.2414    7.1954    4.0460


ans =

    0.7347

  Value    Count   Percent
      1    13582     53.20%
      2     5188     20.32%
      3      322      1.26%
      4      907      3.55%
      5      105      0.41%
      6       18      0.07%
      7      404      1.58%
      8      129      0.51%
      9     2579     10.10%
     10     1059      4.15%
     11       60      0.24%
     12      244      0.96%
     13      506      1.98%
     14      428      1.68%

C =

    2.0000    2.0417    2.0000
    4.2791    2.2247    2.4761
    7.7267    7.3665    7.9938
    6.1389    6.0926    6.2778
    9.4476    8.9143    9.5619
    8.5556    9.8889    4.8889
    8.2970    2.7822    3.7673
    8.2326    6.6667    3.6124
    5.0717    3.4936    4.6165
    2.3664    2.3003    4.5703
    2.6000    8.9667    2.4000
    6.8689    3.0492    8.3033
    6.0000    5.2569    2.8300
    3.4673    6.0748    4.1215


ans =

    0.6952

  Value    Count   Percent
      1    14208     55.65%
      2      937      3.67%
      3      179      0.70%
      4      293      1.15%
      5      131      0.51%
      6     2175      8.52%
      7     1270      4.97%
      8     3370     13.20%
      9      152      0.60%
     10      273      1.07%
     11      333      1.30%
     12       78      0.31%
     13      194      0.76%
     14     1878      7.36%
     15       60      0.24%

C =

    2.0000    2.0398    2.0881
    4.6190    4.3415    2.0000
    5.6425    5.2179    8.2905
    8.3140    2.6758    2.9215
    7.9542    6.9924    3.2366
    4.5269    2.0000    4.5352
    6.1417    5.5197    5.6693
    4.4297    2.0000    2.0000
    2.2500    7.1711    2.5132
    8.0073    2.8791    7.3553
    8.0300    7.3273    8.1742
    7.1795    8.4872    6.1282
    3.5052    6.0412    6.3402
    4.3014    4.1235    4.2322
    9.8667    9.6333    9.8667


ans =

    0.7075

  Value    Count   Percent
      1    13299     52.09%
      2      735      2.88%
      3      441      1.73%
      4     2125      8.32%
      5       31      0.12%
      6      201      0.79%
      7      367      1.44%
      8       59      0.23%
      9     4334     16.98%
     10     1519      5.95%
     11      943      3.69%
     12       63      0.25%
     13      793      3.11%
     14       24      0.09%
     15      576      2.26%
     16       21      0.08%

C =

    2.0000    2.0000    2.0000
    6.7265    4.5469    2.7293
    3.7596    4.5850    6.3311
    3.3449    2.0000    4.2485
    2.3226    8.0000    2.3226
    8.3682    6.1294    5.4229
    8.5232    7.6730    8.5123
    7.6271    8.2712    2.9492
    4.5099    2.2690    2.1758
    4.5583    4.1527    4.0000
    6.6723    2.9502    6.2990
    5.2698    7.7778    8.6667
    6.0000    6.0757    6.2472
    4.1667    8.7500    5.0000
    2.2222    4.5278    2.5625
    2.1905   10.0000    2.0952


ans =

    0.6834

  Value    Count   Percent
      1    13582     53.20%
      2      339      1.33%
      3     5188     20.32%
      4      121      0.47%
      5      513      2.01%
      6       15      0.06%
      7      178      0.70%
      8      101      0.40%
      9       30      0.12%
     10     1333      5.22%
     11       58      0.23%
     12      449      1.76%
     13      865      3.39%
     14     1004      3.93%
     15        8      0.03%
     16     1729      6.77%
     17       18      0.07%

C =

    2.0000    2.0417    2.0000
    6.7021    4.0295    8.2773
    4.2791    2.2247    2.4761
    8.3802    6.3471    3.4876
    7.0214    3.8635    2.2534
    9.3333    9.7333    4.5333
    2.7191    6.2921    2.2921
    6.6337    8.2178    6.8515
    5.1333    8.2000    3.0667
    5.9535    2.5371    5.3533
    2.9655    6.8621    7.3448
    8.4276    7.3096    7.9555
    2.0000    2.3676    4.2497
    5.3247    5.5657    6.0000
    3.7500   10.0000    3.7500
    4.7334    4.3771    4.0000
    2.0000   10.0000    2.0000


ans =

    0.7628

  Value    Count   Percent
      1    14349     56.20%
      2      490      1.92%
      3      937      3.67%
      4     3370     13.20%
      5      103      0.40%
      6      132      0.52%
      7     2152      8.43%
      8      258      1.01%
      9       31      0.12%
     10     2917     11.43%
     11       27      0.11%
     12       52      0.20%
     13       66      0.26%
     14       15      0.06%
     15        7      0.03%
     16      180      0.71%
     17      293      1.15%
     18      152      0.60%

C =

    2.0000    2.0591    2.1069
    7.5306    6.8735    7.3347
    4.6190    4.3415    2.0000
    4.4297    2.0000    2.0000
    9.4757    9.1262    9.3592
    7.9545    7.0152    3.2424
    4.5418    2.0000    4.4981
    7.4419    3.0620    7.2481
    9.2903    5.5484    9.5484
    5.0998    4.6795    4.8145
   10.0000    2.6667    6.9630
    3.5000    3.0769    8.3462
    5.3939    7.9697    8.4545
    6.8000    3.0667   10.0000
   10.0000    2.0000   10.0000
    3.5111    5.8889    6.1667
    8.3140    2.6758    2.9215
    2.2500    7.1711    2.5132


ans =

    0.7958

  Value    Count   Percent
      1    13925     54.54%
      2       87      0.34%
      3       66      0.26%
      4      339      1.33%
      5       45      0.18%
      6     1742      6.82%
      7     1616      6.33%
      8      198      0.78%
      9      199      0.78%
     10      211      0.83%
     11      350      1.37%
     12     3370     13.20%
     13      533      2.09%
     14      249      0.98%
     15      674      2.64%
     16      904      3.54%
     17       60      0.24%
     18       49      0.19%
     19      914      3.58%

C =

    2.0000    2.0000    2.0899
    4.9195    7.6322    8.2529
    2.5758    8.7576    2.6667
    6.1121    6.0826    3.2861
    8.1333    8.3556    2.8889
    4.0000    4.2067    3.2572
    4.4715    2.0000    4.0000
    8.3434    6.1616    5.3838
    2.0000    4.4020    4.3719
    7.5640    2.9668    8.1991
    2.0000    4.3829    2.0000
    4.4297    2.0000    2.0000
    3.6923    2.9156    6.2214
    8.0562    7.2450    8.0723
    6.2878    3.0623    6.0000
    6.7190    3.5708    3.2212
    9.2333    8.1000    9.0333
    9.8367   10.0000    9.8367
    5.7352    6.0656    6.2144


ans =

   NaN

  Value    Count   Percent
      1     1493      5.85%
      2    13582     53.20%
      3      163      0.64%
      4      202      0.79%
      5       18      0.07%
      6      359      1.41%
      7     4464     17.48%
      8     1074      4.21%
      9      219      0.86%
     10      212      0.83%
     11       43      0.17%
     12       26      0.10%
     13       31      0.12%
     14     1621      6.35%
     15       14      0.05%
     16        5      0.02%
     17       40      0.16%
     18     1330      5.21%
     19      634      2.48%
     20        1      0.00%

C =

    6.3068    2.2599    2.6042
    2.0000    2.0417    2.0000
    5.9264    6.6503    7.7055
    3.5446    5.8713    6.1287
    3.4444    8.0000    8.7778
    8.0669    6.9972    7.2758
    4.0000    2.2612    2.5533
    2.3855    2.2961    4.6220
    7.8904    2.6027    7.6712
    8.2264    5.4717    3.2925
    7.3953    7.0233   10.0000
   10.0000    8.7692    7.3846
   10.0000    6.2581    9.5484
    4.5231    4.0000    4.2690
    6.8571   10.0000    6.7143
    7.6000   10.0000   10.0000
   10.0000   10.0000   10.0000
    6.0797    4.5910    6.0526
    4.6656    6.3438    3.1104
   10.0000   10.0000   10.0000


ans =

    0.6998

  Value    Count   Percent
      1     4464     17.48%
      2    13582     53.20%
      3     1391      5.45%
      4      256      1.00%
      5       62      0.24%
      6      274      1.07%
      7      118      0.46%
      8     1382      5.41%
      9      293      1.15%
     10       16      0.06%
     11      912      3.57%
     12       24      0.09%
     13        6      0.02%
     14      918      3.60%
     15        1      0.00%
     16      206      0.81%
     17       68      0.27%
     18       65      0.25%
     19      360      1.41%
     20      865      3.39%
     21      268      1.05%

C =

    4.0000    2.2612    2.5533
    2.0000    2.0417    2.0000
    4.0000    3.7211    4.5924
    8.4922    8.4453    8.6250
    8.7742    7.7419    5.6774
    7.2628    3.0000    7.3139
    7.9492    5.8983    8.5593
    6.0000    3.0550    4.8350
    8.3140    2.6758    2.9215
    9.2500    3.5000    9.6250
    6.1974    6.1294    6.2785
   10.0000    2.5000    6.8333
   10.0000    2.0000   10.0000
    6.0000    2.4227    2.0000
   10.0000    2.0000   10.0000
    3.6893    5.9320    6.7087
    7.8529    7.6471    2.5294
    2.6154    8.8000    2.6154
    6.2556    6.0444    3.4667
    2.0000    2.3676    4.2497
    3.3433    6.0000    3.0224


ans =

   NaN

  Value    Count   Percent
      1    13925     54.54%
      2      237      0.93%
      3      530      2.08%
      4     1604      6.28%
      5      244      0.96%
      6      339      1.33%
      7     4986     19.53%
      8       60      0.24%
      9     1626      6.37%
     10      145      0.57%
     11      347      1.36%
     12       57      0.22%
     13       17      0.07%
     14       28      0.11%
     15       36      0.14%
     16        1      0.00%
     17        1      0.00%
     18        1      0.00%
     19        1      0.00%
     20      854      3.34%
     21      491      1.92%
     22        1      0.00%

C =

    2.0000    2.0000    2.0899
    7.7975    4.1181    8.1857
    7.0264    3.7283    2.2377
    6.0000    5.0910    5.2095
    7.4672    8.0492    7.4918
    8.2832    4.5723    5.2566
    4.4432    2.0000    2.6482
    7.4667    8.3000    2.9000
    4.0000    4.0787    3.2042
    5.3655    6.1379    8.3034
    3.4986    6.5418    4.5994
    9.6140    6.6667    9.2281
    9.2941    9.8824    6.8235
    7.5714    8.4286   10.0000
   10.0000   10.0000   10.0000
   10.0000   10.0000   10.0000
   10.0000   10.0000   10.0000
   10.0000   10.0000   10.0000
   10.0000   10.0000   10.0000
    4.4895    2.5995    6.1967
    2.0000    4.2729    2.5743
   10.0000   10.0000   10.0000


ans =

    0.7457

  Value    Count   Percent
      1     2646     10.36%
      2     2095      8.21%
      3    13582     53.20%
      4     1407      5.51%
      5      293      1.15%
      6     1986      7.78%
      7      638      2.50%
      8      243      0.95%
      9      293      1.15%
     10      186      0.73%
     11       85      0.33%
     12      130      0.51%
     13       51      0.20%
     14       12      0.05%
     15      865      3.39%
     16       14      0.05%
     17       46      0.18%
     18      918      3.60%
     19       37      0.14%
     20        1      0.00%
     21        1      0.00%
     22        1      0.00%
     23        1      0.00%

C =

    4.0000    2.0000    2.0000
    4.6234    2.0000    4.4697
    2.0000    2.0417    2.0000
    5.5181    5.2566    6.1393
    7.6792    2.9556    7.3788
    4.4270    4.0000    3.4129
    4.5423    6.2790    3.1442
    7.4650    8.0412    7.4815
    8.3140    2.6758    2.9215
    8.1935    5.9355    6.8387
    3.2471    5.8353    7.7176
    7.9385    6.9692    3.2308
    7.2549    6.5490   10.0000
    7.1667   10.0000    9.0000
    2.0000    2.3676    4.2497
    9.5714    9.8571    6.2857
   10.0000    6.8261    9.0435
    6.0000    2.4227    2.0000
   10.0000   10.0000   10.0000
   10.0000   10.0000   10.0000
   10.0000   10.0000   10.0000
   10.0000   10.0000   10.0000
   10.0000   10.0000   10.0000


ans =

    0.7632

  Value    Count   Percent
      1      603      2.36%
      2    13582     53.20%
      3       51      0.20%
      4      360      1.41%
      5      466      1.83%
      6       42      0.16%
      7     3953     15.48%
      8        7      0.03%
      9      256      1.00%
     10       74      0.29%
     11     1235      4.84%
     12      841      3.29%
     13      173      0.68%
     14       71      0.28%
     15      408      1.60%
     16      459      1.80%
     17        8      0.03%
     18      837      3.28%
     19       22      0.09%
     20     1095      4.29%
     21      970      3.80%
     22       16      0.06%
     23        1      0.00%
     24        1      0.00%

C =

    5.5920    2.0000    6.3184
    2.0000    2.0417    2.0000
    4.1569    6.5882    9.0196
    6.2556    6.0444    3.4667
    7.5751    5.1288    7.5193
    7.7619    7.0476    2.0000
    4.3663    2.2950    2.0000
    9.1429    9.7143    2.5714
    8.5938    8.3750    8.6406
    8.7297    7.6486    5.2973
    4.0000    2.0000    4.0000
    6.6231    3.7051    3.1629
    2.7399    6.2428    2.2428
    5.8310    8.1972    6.8732
    3.7598    4.6275    6.1667
    6.4052    2.0000    4.0349
    2.0000    8.2500    4.5000
    2.0000    2.3369    4.1673
    4.2727    8.8182    3.0909
    4.0000    4.2119    4.0000
    6.0000    5.3711    6.0000
    2.0000   10.0000    2.0000
    2.0000   10.0000    2.0000
    2.0000   10.0000    2.0000


ans =

   NaN

  Value    Count   Percent
      1     1861      7.29%
      2    13582     53.20%
      3      386      1.51%
      4        8      0.03%
      5      131      0.51%
      6     3953     15.48%
      7     1281      5.02%
      8      834      3.27%
      9       15      0.06%
     10      159      0.62%
     11       86      0.34%
     12       49      0.19%
     13      422      1.65%
     14      307      1.20%
     15      173      0.68%
     16       27      0.11%
     17        9      0.04%
     18        9      0.04%
     19       14      0.05%
     20        1      0.00%
     21      883      3.46%
     22        1      0.00%
     23        1      0.00%
     24     1338      5.24%
     25        1      0.00%

C =

    3.3272    2.0000    4.0000
    2.0000    2.0417    2.0000
    8.4715    7.6736    8.3679
    2.7500    8.0000    9.7500
    8.5038    6.3511    3.5573
    4.3663    2.2950    2.0000
    6.4949    3.1023    3.4567
    6.6091    2.9976    6.3669
    9.3333    9.7333    4.5333
    3.7107    6.0629    6.1761
    5.5349    4.0698    8.7209
    5.5918    8.2857    8.0000
    5.4502    6.0000    3.5450
    3.3485    2.1173    6.1759
    2.7399    6.2428    2.2428
    5.0370    8.0000    3.1852
    2.2222    8.4444    4.6667
    4.6667   10.0000    2.8889
    2.0000   10.0000    2.0000
    2.0000   10.0000    2.0000
    6.2039    6.0680    6.2220
    2.0000   10.0000    2.0000
    2.0000   10.0000    2.0000
    3.7892    4.0000    4.3259
    2.0000   10.0000    2.0000


ans =

   NaN

  Value    Count   Percent
      1    13299     52.09%
      2      187      0.73%
      3       39      0.15%
      4      256      1.00%
      5     1322      5.18%
      6      905      3.54%
      7      302      1.18%
      8       28      0.11%
      9       52      0.20%
     10       73      0.29%
     11        6      0.02%
     12      512      2.01%
     13      351      1.37%
     14        5      0.02%
     15       13      0.05%
     16        1      0.00%
     17        1      0.00%
     18      724      2.84%
     19     1429      5.60%
     20        1      0.00%
     21     2646     10.36%
     22      937      3.67%
     23        1      0.00%
     24      819      3.21%
     25        1      0.00%
     26     1621      6.35%

C =

    2.0000    2.0000    2.0000
    5.5829    5.9358    8.3209
    2.6667    8.0000    2.6667
    3.8516    6.0000    5.0938
    6.3707    2.0454    2.6717
    6.0000    6.0663    5.5359
    8.3642    4.9338    5.1325
    3.2143    7.7857    7.9286
    8.1923    8.8846    6.3077
    7.7534    7.5616    2.7123
    3.6667   10.0000    4.3333
    2.0000    4.3438    2.6328
    8.4900    7.6011    8.5698
    5.2000   10.0000    2.0000
    2.0000   10.0000    2.0000
    2.0000   10.0000    2.0000
    2.0000   10.0000    2.0000
    2.0000    2.0497    4.2983
    4.0000    2.0000    4.2715
    2.0000   10.0000    2.0000
    4.0000    2.0000    2.0000
    4.6190    4.3415    2.0000
    2.0000   10.0000    2.0000
    6.3858    2.9499    6.5177
    2.0000   10.0000    2.0000
    4.5231    4.0000    4.2690


ans =

    0.7947

  Value    Count   Percent
      1    13925     54.54%
      2       72      0.28%
      3      100      0.39%
      4       31      0.12%
      5      289      1.13%
      6       66      0.26%
      7      883      3.46%
      8      291      1.14%
      9       17      0.07%
     10      145      0.57%
     11     1257      4.92%
     12       24      0.09%
     13       28      0.11%
     14      746      2.92%
     15      997      3.91%
     16       35      0.14%
     17     3370     13.20%
     18     1616      6.33%
     19        1      0.00%
     20        1      0.00%
     21        1      0.00%
     22        1      0.00%
     23        1      0.00%
     24        1      0.00%
     25      416      1.63%
     26      924      3.62%
     27      293      1.15%

C =

    2.0000    2.0000    2.0899
    5.1944    7.9167    8.2778
    8.0400    6.5200    3.6000
    7.6129    8.5161    2.0645
    3.4325    2.0000    6.1869
    2.5758    8.7576    2.6667
    6.2039    6.0680    6.2220
    8.2337    7.3333    7.7251
    9.2941    9.8824    6.8235
    8.4414    3.0069    8.2069
    3.7422    4.2180    4.0000
    7.9167    8.4167   10.0000
    9.2143    6.7857   10.0000
    6.2601    3.0536    6.1930
    3.2979    4.2628    2.0000
   10.0000   10.0000   10.0000
    4.4297    2.0000    2.0000
    4.4715    2.0000    4.0000
   10.0000   10.0000   10.0000
   10.0000   10.0000   10.0000
   10.0000   10.0000   10.0000
   10.0000   10.0000   10.0000
   10.0000   10.0000   10.0000
   10.0000   10.0000   10.0000
    3.8029    4.7404    6.2212
    6.0000    4.6623    3.3723
    8.3140    2.6758    2.9215


ans =

   NaN

  Value    Count   Percent
      1    13925     54.54%
      2      248      0.97%
      3     2638     10.33%
      4      201      0.79%
      5       50      0.20%
      6     2646     10.36%
      7      500      1.96%
      8       51      0.20%
      9       52      0.20%
     10      422      1.65%
     11      716      2.80%
     12     1060      4.15%
     13       60      0.24%
     14      186      0.73%
     15     1014      3.97%
     16       34      0.13%
     17       81      0.32%
     18       34      0.13%
     19       13      0.05%
     20        6      0.02%
     21        1      0.00%
     22      298      1.17%
     23       45      0.18%
     24     1159      4.54%
     25       16      0.06%
     26       23      0.09%
     27       11      0.04%
     28       41      0.16%

C =

    2.0000    2.0000    2.0899
    4.6371    6.0000    6.8710
    4.3215    3.0637    4.0000
    8.4776    4.4577    3.1841
    7.8400    8.3600    2.8000
    4.0000    2.0000    2.0000
    3.6480    2.9440    6.0000
    3.5294    3.0196    8.3137
    2.2692    8.8077    2.2308
    5.4502    6.0000    3.5450
    6.1760    2.0000    4.7598
    6.1698    5.4245    6.0000
    5.4000    8.3000    5.3333
    8.0000    3.0968    6.9570
    6.1893    2.3826    2.0000
    8.1765    6.0000    9.5882
    6.0000    3.0123    8.2222
   10.0000    2.5294    6.3529
    9.0769    3.3846   10.0000
   10.0000    2.0000   10.0000
   10.0000    2.0000   10.0000
    7.8859    7.3960    7.7315
    9.1556    8.0000    9.3333
    3.1165    4.2623    2.2796
    9.2500    9.8750    7.0000
    3.0435    7.5652    8.3478
    6.5455    9.4545    9.6364
   10.0000   10.0000   10.0000


ans =

   NaN